Date,Open,High,Low,Close,Volume,OpenInt
2017-01-03,73.045,73.598,72.59,73.213,2046485,0
2017-01-04,73.42,73.983,73.252,73.41,1973856,0
2017-01-05,73.223,73.479,72.847,73.075,1764531,0
2017-01-06,72.73,73.494,72.532,73.193,1635839,0
2017-01-09,72.996,73.094,72.097,72.146,1825783,0
2017-01-10,72.334,73.341,72.314,72.798,2380759,0
2017-01-11,72.986,73.302,72.64,72.986,1761246,0
2017-01-12,72.61,72.837,72.186,72.73,1125027,0
2017-01-13,72.957,73.39,72.847,72.937,1236115,0
2017-01-17,72.66,72.937,72.443,72.897,1196121,0
2017-01-18,73.045,73.864,72.966,73.559,1819232,0
2017-01-19,73.697,73.815,72.947,73.262,1298899,0
2017-01-20,73.41,73.993,73.41,73.578,1548404,0
2017-01-23,73.627,73.687,73.006,73.193,1248837,0
2017-01-24,73.282,73.697,73.015,73.509,1089554,0
2017-01-25,73.806,74.555,73.776,74.417,1792202,0
2017-01-26,74.447,74.871,74.24,74.832,1595632,0
2017-01-27,74.318,74.832,74.249,74.615,1292144,0
2017-01-30,74.516,74.693,74.156,74.634,1770904,0
2017-01-31,74.298,74.605,73.776,74.24,2068595,0
2017-02-01,74.595,74.99,74.032,74.269,2441138,0
2017-02-02,75.751,77.112,75.394,76.401,3933962,0
2017-02-03,76.915,76.993,76.292,76.48,2137864,0
2017-02-06,76.431,77.216,75.977,77.072,2379014,0
2017-02-07,77.486,77.665,77.062,77.112,1806535,0
2017-02-08,77.092,77.181,76.796,76.983,1516193,0
2017-02-09,77.082,77.374,76.727,77.339,1937663,0
2017-02-10,77.536,78.287,77.122,77.863,1658823,0
2017-02-13,77.931,78.612,77.872,78.582,1446138,0
2017-02-14,78.691,78.79,78.08,78.77,1821528,0
2017-02-15,78.968,79.678,78.562,79.668,1844041,0
2017-02-16,79.58,79.777,79.363,79.757,1802284,0
2017-02-17,79.431,79.441,79.046,79.403,1945429,0
2017-02-21,79.52,79.757,79.273,79.58,2468598,0
2017-02-22,79.096,79.737,79.046,79.54,2470426,0
2017-02-23,79.363,79.856,79.273,79.51,3232112,0
2017-02-24,79.51,80.234,79.223,80.234,1989961,0
2017-02-27,80.264,80.83,80.165,80.66,2120908,0
2017-02-28,80.612,81.603,80.324,81.474,2571190,0
2017-03-01,81.831,82.138,81.414,82,2744224,0
2017-03-02,82.198,82.356,81.058,81.068,2650338,0
2017-03-03,81.146,81.316,80.72,81.176,2351102,0
2017-03-06,80.81,81.068,80.462,80.66,1670985,0
2017-03-07,80.642,81.018,80.462,80.78,1635493,0
2017-03-08,81.186,81.287,80.264,80.452,1675345,0
2017-03-09,80.642,80.948,80.394,80.888,1723156,0
2017-03-10,81.136,81.419,80.888,81.365,1573771,0
2017-03-13,81.186,81.444,81.038,81.414,1267286,0
2017-03-14,81.365,81.618,81.146,81.494,1449246,0
2017-03-15,81.355,82.059,81.355,81.93,1430770,0
2017-03-16,81.87,82.307,81.772,82.198,1798606,0
2017-03-17,82.208,82.396,81.91,82.158,2335777,0
2017-03-20,82.158,82.366,81.613,81.682,1336144,0
2017-03-21,81.772,82.01,80.908,81.008,2197905,0
2017-03-22,80.908,81.136,80.65,80.7,1683834,0
2017-03-23,80.82,81.236,80.482,80.582,1493141,0
2017-03-24,80.592,80.83,79.956,80.314,1380411,0
2017-03-27,79.699,80.642,79.402,80.412,1440190,0
2017-03-28,80.136,81.411,80.056,81.206,1229272,0
2017-03-29,81.256,81.394,80.612,80.71,1027841,0
2017-03-30,80.622,81.146,80.482,80.958,1169077,0
2017-03-31,80.77,81.107,80.522,80.81,1561161,0
2017-04-03,80.86,81.068,80.403,80.642,1805183,0
2017-04-04,80.79,81.117,80.72,80.948,1686380,0
2017-04-05,81.127,81.484,80.607,80.74,1588413,0
2017-04-06,80.77,80.918,80.374,80.76,1627791,0
2017-04-07,80.68,80.81,80.274,80.432,1239064,0
2017-04-10,80.334,80.988,80.324,80.68,1272247,0
2017-04-11,80.462,80.612,80.006,80.492,1574285,0
2017-04-12,79.908,80.442,79.431,80.294,2081168,0
2017-04-13,80.224,80.582,79.908,79.908,1251796,0
2017-04-17,80.126,80.948,79.937,80.82,1660508,0
2017-04-18,80.116,80.432,79.451,79.64,2507103,0
2017-04-19,79.62,79.917,78.926,79.084,2302485,0
2017-04-20,78.935,79.738,78.43,79.481,2173917,0
2017-04-21,79.422,79.52,78.876,79.064,1793804,0
2017-04-24,80.184,80.304,79.699,80.224,1934071,0
2017-04-25,80.076,80.7,80.076,80.542,1711489,0
2017-04-26,80.472,81.821,80.274,81.117,2904956,0
2017-04-27,81.146,81.544,80.898,81.296,1173053,0
2017-04-28,81.156,81.256,80.582,80.612,1067521,0
2017-05-01,80.81,81.166,80.507,80.82,1353232,0
2017-05-02,80.77,81.196,80.76,81.146,1968062,0
2017-05-03,82.773,84.291,82.773,84.221,4056793,0
2017-05-04,84.399,85.311,84.399,84.855,2469373,0
2017-05-05,85.015,85.153,84.529,84.737,1661358,0
2017-05-08,84.747,84.777,83.923,84.062,1975536,0
2017-05-09,84.191,84.271,83.383,83.467,1813411,0
2017-05-10,83.507,83.923,83.368,83.586,1725291,0
2017-05-11,83.269,83.537,82.495,83.209,2979539,0
2017-05-12,83.11,83.893,82.833,83.427,1866886,0
2017-05-15,83.358,83.943,83.358,83.824,1201101,0
2017-05-16,83.785,84.072,83.497,83.626,1572774,0
2017-05-17,82.932,84.003,82.416,83.655,2273878,0
2017-05-18,83.626,84.587,82.902,84.013,2192196,0
2017-05-19,84.072,84.092,83.358,83.427,2708431,0
2017-05-22,83.874,84.171,83.547,84.082,2103026,0
2017-05-23,83.983,84.787,83.844,84.687,1299911,0
2017-05-24,84.835,85.173,84.687,85.093,959561,0
2017-05-25,85.233,85.664,85.103,85.559,1160359,0
2017-05-26,85.321,85.907,85.243,85.777,1092653,0
2017-05-30,85.401,85.699,85.272,85.281,1143849,0
2017-05-31,85.431,85.679,85.213,85.619,2639071,0
2017-06-01,85.669,86.585,85.543,86.585,1724944,0
2017-06-02,86.436,86.436,86.067,86.316,1160938,0
2017-06-05,86.316,86.585,86.127,86.256,977850,0
2017-06-06,85.948,86.167,85.43,85.47,1249059,0
2017-06-07,85.739,85.773,85.221,85.52,1428372,0
2017-06-08,85.52,86.336,85.49,86.207,1671117,0
2017-06-09,86.316,87.068,86.197,87.013,1143667,0
2017-06-12,87.013,87.74,86.974,87.561,2483660,0
2017-06-13,87.581,87.83,87.432,87.611,2577405,0
2017-06-14,87.571,88.527,87.472,88.457,1509068,0
2017-06-15,88.338,89.523,88.139,89.424,2173012,0
2017-06-16,90.001,90.37,89.184,89.453,2695163,0
2017-06-19,89.663,89.822,88.711,89.045,3277704,0
2017-06-20,89.045,89.294,88.816,88.896,1158331,0
2017-06-21,89.045,89.165,88.662,88.876,1653191,0
2017-06-22,88.647,88.866,87.85,87.95,1758599,0
2017-06-23,88.358,88.467,87.631,87.72,3986155,0
2017-06-26,87.96,88.418,87.81,88.059,1787835,0
2017-06-27,88.189,88.328,87.671,87.81,1839481,0
2017-06-28,88.318,88.597,88.009,88.218,1380870,0
2017-06-29,88.866,88.866,87.447,87.77,1654770,0
2017-06-30,88.079,88.428,87.76,88.079,1514200,0
2017-07-03,88.487,89.493,88.268,88.268,1011699,0
2017-07-05,88.448,88.577,87.91,88.448,1045131,0
2017-07-06,88.567,88.916,88.169,88.358,1456506,0
2017-07-07,88.438,88.921,88.179,88.826,1089276,0
2017-07-10,88.467,88.816,88.467,88.487,1451003,0
2017-07-11,88.358,88.517,87.382,87.581,1967272,0
2017-07-12,87.651,88.029,87.551,87.84,976273,0
2017-07-13,87.701,88.557,87.576,88.238,1277119,0
2017-07-14,87.91,88.965,87.561,88.687,1080045,0
2017-07-17,88.378,88.467,87.945,88.129,1445824,0
2017-07-18,87.631,88.696,87.631,88.517,2200105,0
2017-07-19,88.687,88.886,88.357,88.886,1213716,0
2017-07-20,88.647,89.194,88.109,88.856,1318048,0
2017-07-21,88.637,88.95,88.218,88.796,1905343,0
2017-07-24,88.716,89.538,88.652,89.404,1227590,0
2017-07-25,89.902,90.26,89.533,89.842,1263532,0
2017-07-26,89.832,89.921,88.876,89.035,1409622,0
2017-07-27,89.005,89.478,88.687,89.314,2054132,0
2017-07-28,89.433,90.2,89.155,90.131,1263586,0
2017-07-31,90.21,90.878,90.2,90.629,1233844,0
2017-08-01,90.798,91.057,90.429,90.629,2831625,0
2017-08-02,92.76,93.925,92.162,93.776,3405724,0
2017-08-03,93.517,93.616,92.71,93.547,2062258,0
2017-08-04,93.706,94.104,93.586,93.835,1492445,0
2017-08-07,93.835,94.204,93.706,93.855,1674039,0
2017-08-08,93.596,93.945,93.457,93.825,1615735,0
2017-08-09,93.726,94.313,93.576,94.313,1555008,0
2017-08-10,93.825,94.304,93.756,93.776,1465053,0
2017-08-11,93.706,94.062,93.527,93.567,1115925,0
2017-08-14,94.393,94.443,93.975,94.035,1171344,0
2017-08-15,94.403,94.423,93.726,93.995,1464417,0
2017-08-16,94.274,94.861,93.915,93.995,2070705,0
2017-08-17,94.005,94.114,92.79,92.949,1971810,0
2017-08-18,92.73,92.954,92.172,92.541,2605976,0
2017-08-21,92.581,92.581,91.903,92.342,2105982,0
2017-08-22,92.73,93.437,92.551,93.387,1660209,0
2017-08-23,92.999,93.467,92.78,92.8,1668508,0
2017-08-24,92.909,93.108,91.027,91.166,3174234,0
2017-08-25,91.435,91.903,91.087,91.644,2593505,0
2017-08-28,90.001,90.609,89.443,90.28,3116691,0
2017-08-29,90,91.1,89.91,90.82,1826476,0
2017-08-30,90.83,91.14,90,90.07,2437321,0
2017-08-31,90.27,90.63,90.04,90.5,2850286,0
2017-09-01,90.57,91.12,89.65,89.78,2514644,0
2017-09-05,89,89.03,86.34,86.49,4633822,0
2017-09-06,86.73,88.316,86.63,87.5,4743356,0
2017-09-07,87.06,87.25,85.59,86.45,3146810,0
2017-09-08,86.15,90.41,86.15,89.61,4305343,0
2017-09-11,91.44,93.54,90.72,91.23,3580975,0
2017-09-12,91.16,91.985,90.64,91.87,2421718,0
2017-09-13,91.31,91.47,90.43,90.94,2006635,0
2017-09-14,90.79,90.87,90.15,90.5,1976083,0
2017-09-15,90.47,91.4,90.45,90.88,2884689,0
2017-09-18,91.06,91.24,90.335,90.48,1913990,0
2017-09-19,90.55,91.91,90.45,91.14,2472678,0
2017-09-20,90.88,91.41,90.42,91.38,1687648,0
2017-09-21,91.4,92.32,90.54,90.67,1373131,0
2017-09-22,90.44,90.86,90.12,90.53,1155245,0
2017-09-25,90.28,91.21,90.05,91.04,1311717,0
2017-09-26,90.9,91.5456,90.47,90.73,1652646,0
2017-09-27,91.69,91.72,90.7,90.89,1401299,0
2017-09-28,90.84,91.41,90.52,91.29,1123044,0
2017-09-29,91.3,91.97,90.91,91.91,1407730,0
2017-10-02,91.65,92.63,91.41,92.38,1416423,0
2017-10-03,92.21,92.34,91.52,92.1,1554385,0
2017-10-04,92.12,92.93,92.11,92.86,1361149,0
2017-10-05,92.73,93.69,92.66,93.19,1782029,0
2017-10-06,93.32,93.81,93.12,93.29,930648,0
2017-10-09,93.26,93.51,92.86,93.2,620319,0
2017-10-10,93.2,93.67,92.87,93.33,1716122,0
2017-10-11,93.12,93.4,92.8,93.09,1289821,0
2017-10-12,93.27,93.52,92.43,92.54,1313551,0
2017-10-13,92.71,93.06,92.27,92.34,1655545,0
2017-10-16,92.34,92.85,92.11,92.46,1831378,0
2017-10-17,92.46,92.68,91.12,91.41,3171610,0
2017-10-18,91.48,91.55,90.62,91.25,1955289,0
2017-10-19,91.07,92.74,90.73,92.73,3192085,0
2017-10-20,93.45,93.59,92.52,92.97,2142005,0
2017-10-23,92.96,93.1,92.55,92.97,1518450,0
2017-10-24,93.3,93.93,92.99,93.64,1452976,0
2017-10-25,93.73,93.845,92.77,93.28,1392605,0
2017-10-26,93.55,94.23,93.3201,93.96,1254343,0
2017-10-27,93.72,93.96,92.93,93.73,1215084,0
2017-10-30,93.27,94.43,93.27,94.07,1731606,0
2017-10-31,93.94,94.65,93.67,93.86,2507470,0
2017-11-01,94.07,94.54,93.52,94.25,1981028,0
2017-11-02,95.89,98.21,95.4,97.85,3935302,0
2017-11-03,97.62,97.9599,97.07,97.84,3027137,0
2017-11-06,97.81,99.435,97.45,99.09,1632417,0
2017-11-07,99.42,99.76,98.55,99.18,1631537,0
2017-11-08,99.23,99.73,98.97,99.09,1921056,0
2017-11-09,98.74,99.36,98.21,98.95,1768780,0
2017-11-10,98.88,99.28,98.1,99.12,1390199,0
