Date,Open,High,Low,Close,Volume,OpenInt
2017-01-03,800.62,811.435,796.89,808.01,1932677,0
2017-01-04,809.89,813.43,804.11,807.77,1486687,0
2017-01-05,807.5,813.74,805.92,813.02,1305062,0
2017-01-06,814.99,828.96,811.5,825.21,1975843,0
2017-01-09,826.37,830.43,821.62,827.18,1365344,0
2017-01-10,827.07,829.41,823.14,826.01,1111682,0
2017-01-11,826.62,829.9,821.47,829.86,1218093,0
2017-01-12,828.38,830.38,821.01,829.53,1265674,0
2017-01-13,831,834.65,829.52,830.93,1096855,0
2017-01-17,830,830.18,823.2,827.46,1201317,0
2017-01-18,829.8,829.81,824.08,829.02,962010,0
2017-01-19,829,833,823.96,824.37,1055419,0
2017-01-20,829.09,829.24,824.6,828.17,1226948,0
2017-01-23,831.61,845.543,828.7,844.43,2419971,0
2017-01-24,846.98,851.52,842.28,849.53,1647113,0
2017-01-25,853.55,858.794,849.74,858.45,1617190,0
2017-01-26,859.05,860.94,850.52,856.98,2611784,0
2017-01-27,859,867,841.9,845.03,3711874,0
2017-01-30,837.06,837.23,821.03,823.83,3431441,0
2017-01-31,819.5,823.07,813.4,820.19,1955733,0
2017-02-01,824,824,812.25,815.24,2198896,0
2017-02-02,815,824.56,812.051,818.26,1606867,0
2017-02-03,823.13,826.13,819.35,820.13,1528095,0
2017-02-06,820.92,822.39,814.29,821.62,1250713,0
2017-02-07,825.5,831.92,823.868,829.23,1624190,0
2017-02-08,830.53,834.25,825.11,829.88,1207180,0
2017-02-09,831.73,831.98,826.5,830.06,1163466,0
2017-02-10,832.95,837.15,830.51,834.85,1392663,0
2017-02-13,837.7,841.735,836.246,838.96,1224882,0
2017-02-14,839.77,842,835.83,840.09,980912,0
2017-02-15,838.81,841.773,836.22,837.32,1303154,0
2017-02-16,838.5,842.69,837.26,842.17,920812,0
2017-02-17,841.31,846.94,839.78,846.55,1406688,0
2017-02-21,847.99,852.2,846.55,849.27,1178472,0
2017-02-22,848,853.79,846.71,851.36,1193139,0
2017-02-23,851.08,852.62,842.5,851,1261077,0
2017-02-24,847.65,848.36,842.96,847.81,1308260,0
2017-02-27,844.95,850.67,843.01,849.67,981246,0
2017-02-28,847.35,848.83,841.442,844.93,1273713,0
2017-03-01,851.38,858,849.02,856.61,1653965,0
2017-03-02,856.31,856.49,848.72,849.85,1217226,0
2017-03-03,848.94,850.82,844.705,849.08,995060,0
2017-03-06,846.86,848.94,841.17,847.27,1011938,0
2017-03-07,847.26,853.33,845.52,851.15,977095,0
2017-03-08,853.12,856.93,851.25,853.64,995611,0
2017-03-09,853.69,860.71,852.67,857.84,1240728,0
2017-03-10,862.7,864.229,857.61,861.405,1296760,0
2017-03-13,865.68,867.13,860.82,864.58,1166605,0
2017-03-14,863.75,867.58,860.13,865.91,1061692,0
2017-03-15,867.94,869.88,861.295,868.39,1332885,0
2017-03-16,870.53,872.71,867.52,870,1104452,0
2017-03-17,873.68,874.42,868.37,872.37,1683901,0
2017-03-20,869.48,870.34,864.665,867.91,1542199,0
2017-03-21,870.06,873.47,847.687,850.14,2537978,0
2017-03-22,849.48,855.35,847,849.8,1366749,0
2017-03-23,841.39,841.69,833,839.65,3287669,0
2017-03-24,842,844,829.1,835.15,1976958,0
2017-03-27,828.09,841.38,824.3,838.51,1875590,0
2017-03-28,839.69,845.4,832.265,840.63,1476606,0
2017-03-29,842.75,851.585,841.38,849.87,1382043,0
2017-03-30,851.98,852,846.77,849.48,916623,0
2017-03-31,846.83,849.56,845.245,847.8,1320899,0
2017-04-03,848.75,859,847.53,856.75,1969402,0
2017-04-04,848,853,847.505,852.57,1329060,0
2017-04-05,854.71,860.59,847.52,848.91,1767000,0
2017-04-06,849.5,853.59,844,845.095,1314898,0
2017-04-07,845,845.88,837.3,842.1,1111610,0
2017-04-10,841.54,846.737,840.79,841.7,954094,0
2017-04-11,841.7,844.63,834.6,839.88,974343,0
2017-04-12,838.46,843.72,837.59,841.46,1015796,0
2017-04-13,841.04,843.73,837.85,840.18,1025516,0
2017-04-17,841.38,855.64,841.03,855.13,1004913,0
2017-04-18,852.54,857.39,851.25,853.99,927771,0
2017-04-19,857.385,860.2,853.528,856.51,1042384,0
2017-04-20,859.74,863.93,857.5,860.09,1062506,0
2017-04-21,860.62,862.44,857.73,858.95,1082611,0
2017-04-24,868.44,879.96,866.11,878.93,1692394,0
2017-04-25,882.26,892.25,879.28,888.84,2033438,0
2017-04-26,891.39,892.99,885.15,889.14,1321206,0
2017-04-27,890,893.377,887.18,891.44,2308819,0
2017-04-28,929,935.9,923.22,924.52,3845857,0
2017-05-01,924.15,935.82,920.8,932.82,2326641,0
2017-05-02,933.27,942.985,931,937.09,1749433,0
2017-05-03,936.05,950.2,935.21,948.45,1822217,0
2017-05-04,950.29,959.14,947.37,954.72,1938006,0
2017-05-05,956.72,958.44,948.099,950.28,1615548,0
2017-05-08,947.45,960.99,947.395,958.69,1875309,0
2017-05-09,961.33,962.2,954.4,956.69,1686772,0
2017-05-10,956.22,956.71,949.84,954.84,1145873,0
2017-05-11,951.29,957.99,948.61,955.89,1031014,0
2017-05-12,957.85,957.98,952.06,955.14,1214614,0
2017-05-15,955.29,962.7,952.82,959.22,1332067,0
2017-05-16,963.55,965.896,960.35,964.61,1099932,0
2017-05-17,959.7,960.99,940.06,942.17,2447018,0
2017-05-18,943.2,954.18,941.27,950.5,1800465,0
2017-05-19,952.82,959.56,952,954.65,1359792,0
2017-05-22,957,964.82,956.56,964.07,1384909,0
2017-05-23,969.96,974.51,964.5,970.55,1544933,0
2017-05-24,975.26,978.115,971.63,977.61,1137885,0
2017-05-25,979,995.78,977.82,991.86,1952832,0
2017-05-26,992,996.39,987.36,993.27,1632239,0
2017-05-30,992.5,997.62,991.36,996.17,1516553,0
2017-05-31,996.21,999.6,981.68,987.09,1725758,0
2017-06-01,990.96,993.14,981.29,988.29,1305190,0
2017-06-02,988.59,996.48,987.07,996.12,1734163,0
2017-06-05,997.89,1007.4,995.45,1003.88,1377960,0
2017-06-06,1003.31,1008.61,994.8,996.68,1550832,0
2017-06-07,998.82,1003.91,995.81,1001.59,1372300,0
2017-06-08,1004.23,1005.6,996.62,1004.28,1681411,0
2017-06-09,1005.49,1005.5,953.37,970.12,3643062,0
2017-06-12,958.72,968,936.795,961.81,4197445,0
2017-06-13,972.04,977.91,962.01,970.5,2004195,0
2017-06-14,975.5,979.7,959.51,967.93,1499807,0
2017-06-15,948.02,960.678,940.37,960.18,2369353,0
2017-06-16,957.91,959.95,948.7,958.62,2545952,0
2017-06-19,969.65,979.3,968.2,975.22,1466053,0
2017-06-20,975.31,980.79,968.2,968.99,1297019,0
2017-06-21,970.79,979.67,969.16,978.59,1161607,0
2017-06-22,976.87,980.5,973.315,976.62,1000838,0
2017-06-23,975.5,986.62,974.46,986.09,1547284,0
2017-06-26,990,993.99,970.33,972.09,1516720,0
2017-06-27,961.6,967.22,947.09,948.09,2441836,0
2017-06-28,950.66,963.24,936.16,961.01,2738995,0
2017-06-29,951.35,951.66,929.6,937.82,3203356,0
2017-06-30,943.99,945,929.61,929.61,2285012,0
2017-07-03,933.22,934.24,915.31,919.46,1694811,0
2017-07-05,924.2,936.29,918.631,932.26,2091689,0
2017-07-06,925,936.14,919.85,927.69,2013951,0
2017-07-07,930.985,944.66,929.79,940.81,1629306,0
2017-07-10,941.95,953.13,941.95,951,1443510,0
2017-07-11,950.52,954.89,945.12,953.53,1460601,0
2017-07-12,960.86,969.63,957.04,967.66,1599965,0
2017-07-13,970.8,978.7,964.8,968.85,1523376,0
2017-07-14,974,977.54,970.15,976.91,1076978,0
2017-07-17,976.32,983.35,970.8,975.96,1655892,0
2017-07-18,973.36,990.85,972.04,986.95,1411850,0
2017-07-19,990.01,995.6,987.01,992.77,1400473,0
2017-07-20,997,998.68,984.62,992.19,1416054,0
2017-07-21,989,995.11,984.17,993.84,1461598,0
2017-07-24,994.1,1006.19,990.273,998.31,3915107,0
2017-07-25,970.7,976.73,963.8,969.03,5930130,0
2017-07-26,972.78,973.95,960.23,965.31,2212665,0
2017-07-27,969.18,969.52,937.06,952.51,3711840,0
2017-07-28,947.99,961.79,945.31,958.2,1813719,0
2017-07-31,960,961.193,941.725,945.5,2290902,0
2017-08-01,947.81,954.49,944.96,946.56,1327222,0
2017-08-02,948.37,949.1,932.521,947.64,2038340,0
2017-08-03,949.1,950,939.44,940.3,1123379,0
2017-08-04,943.8,947.54,939.795,945.79,1254336,0
2017-08-07,947.52,948.96,943.5,945.75,1444189,0
2017-08-08,944.29,952.49,942.48,944.19,1500178,0
2017-08-09,938.45,943.76,933.92,940.08,1398227,0
2017-08-10,935,936.3,921.777,923.59,2704565,0
2017-08-11,923.71,933.36,921.22,930.09,1616328,0
2017-08-14,939.07,941.04,934.485,938.93,1149629,0
2017-08-15,941.03,943.07,936.64,938.08,1103692,0
2017-08-16,941.25,949.9,940.039,944.27,1343392,0
2017-08-17,942.95,943.81,927.64,927.66,1673886,0
2017-08-18,926.98,931.02,923.45,926.18,1335610,0
2017-08-21,925.77,928.25,918.6,920.87,1299899,0
2017-08-22,926.96,941.962,926.17,940.4,1759686,0
2017-08-23,937,945.425,935.24,942.58,1133117,0
2017-08-24,943.71,946.31,930.74,936.89,1294108,0
2017-08-25,939.21,940.73,930.1,930.5,1184593,0
2017-08-28,931.88,934.85,926.11,928.13,1045711,0
2017-08-29,919.95,938.19,919.31,935.75,1158366,0
2017-08-30,935.67,945.86,934.05,943.63,1119470,0
2017-08-31,946.3,957.195,946.25,955.24,1692147,0
2017-09-01,957.47,958.33,950.28,951.99,1042686,0
2017-09-05,946.86,951.385,935.6,941.48,1458691,0
2017-09-06,943.87,944.5,932.68,942.02,1391215,0
2017-09-07,944.25,950.497,937.53,949.89,1116276,0
2017-09-08,949.7,950.7,940.01,940.95,999783,0
2017-09-11,947.2,952.68,941,943.29,1336245,0
2017-09-12,946.92,948.085,937.5,946.65,1283993,0
2017-09-13,945.5,952.85,944.74,950.44,1094735,0
2017-09-14,946,948.03,938.356,940.13,1424671,0
2017-09-15,940.09,941.75,931.25,935.29,1956570,0
2017-09-18,935.01,936.86,925.4,929.75,1456222,0
2017-09-19,933.41,937.94,926.66,936.86,1232338,0
2017-09-20,937.73,950,937.5,947.54,1923014,0
2017-09-21,948.13,952.8,939.38,947.55,1349131,0
2017-09-22,942.77,950,940.835,943.26,1074282,0
2017-09-25,939.45,939.75,924.51,934.28,1870439,0
2017-09-26,936.69,944.08,935.12,937.43,1671401,0
2017-09-27,942.74,965.43,941.95,959.9,2332319,0
2017-09-28,956.25,966.18,955.55,964.81,1400404,0
2017-09-29,966,975.81,966,973.36,2029793,0
2017-10-02,975.65,977.74,961.95,967.47,1536653,0
2017-10-03,967.56,972.44,962.705,972.08,1083848,0
2017-10-04,971.76,974.4,965.61,966.78,1056271,0
2017-10-05,972.79,986.509,970.27,985.19,1779670,0
2017-10-06,980,994.26,978.51,993.64,1552207,0
2017-10-09,995,1000.46,991.5,992.31,1295006,0
2017-10-10,995.3,997.47,981.11,987.8,1163333,0
2017-10-11,989.04,1007.57,987.94,1005.65,1813213,0
2017-10-12,1003.84,1011.54,1001.1,1005.65,1540349,0
2017-10-13,1009.11,1014.76,1007.06,1007.87,1327162,0
2017-10-16,1009.63,1012,1001.52,1009.35,1069362,0
2017-10-17,1007.44,1014.56,1006.05,1011,1006933,0
2017-10-18,1011.05,1016.31,1005.32,1012.74,1278730,0
2017-10-19,1004.75,1007.32,997.3,1001.84,1682649,0
2017-10-20,1007.05,1008.65,1002.27,1005.07,1605182,0
2017-10-23,1005.18,1005.79,983.1,985.54,1637726,0
2017-10-24,986.5,989.26,977.08,988.49,1438933,0
2017-10-25,986.27,994.43,977.722,991.46,1398280,0
2017-10-26,998.47,1006.51,990.47,991.42,2355336,0
2017-10-27,1030.99,1063.62,1027.46,1033.67,5182877,0
2017-10-30,1029.16,1039.83,1022.33,1033.13,2340172,0
2017-10-31,1033,1041,1026.3,1033.04,1516278,0
2017-11-01,1036.32,1047.86,1034,1042.6,2163073,0
2017-11-02,1039.99,1045.52,1028.66,1042.97,1334697,0
2017-11-03,1042.75,1050.66,1037.65,1049.99,1388461,0
2017-11-06,1049.1,1052.59,1042,1042.68,913954,0
2017-11-07,1049.65,1053.41,1043,1052.39,1303832,0
2017-11-08,1050.05,1062.69,1047.05,1058.29,1214469,0
2017-11-09,1048,1050.88,1035.85,1047.72,1793994,0
2017-11-10,1043.87,1046.63,1041.22,1044.15,970498,0
